17
4 4
1 2
1 2
2 3
3 4
4 1

4 4
1 1
1 2
2 3
3 4
4 1


5 5
1 5
1 2
1 3
2 5
3 4
4 5

2 1
2 1
1 2

9 12
1 5
1 5
1 2
2 3
3 4
2 6
6 7
3 7
7 8
4 8
8 9
9 5
3 5

13 20
1 5
1 5
1 2
2 3
3 4
2 6
6 7
3 7
7 8
4 8
8 9
9 5
7 10
7 11
7 12
12 11
10 11
10 13
11 13
12 13
13 5

13 19
1 5
1 2
2 3
3 4
2 6
6 7
3 7
7 8
4 8
8 9
9 13
8 10
8 11
8 12
12 11
10 11
10 13
11 13
12 13
13 5

3 3
1 2
1 2
2 3
3 1

6 9
1 6
1 2
2 3
3 4
4 1
3 5
4 5
5 1
1 6
5 6

4 3
1 4
1 2
2 3
3 4

4 4
1 4
1 2
2 3
3 4
2 4

5 4
1 5
1 2
2 3
3 4
2 4

5 5
1 4
1 2
2 3
3 4
2 5
5 3

1 0
1 1

2 2
1 2
1 2
2 1

2 1
1 2
1 2

2 0
1 2

1 1
1 1
1 1
